<?xml version="1.0" encoding="UTF-8" standalone="no" ?>
<SimscapeMultibodyImportXML version="2.0" xmlns="urn:mathworks:SimscapeMultibody:import" xmlns:xsi="http://www.w3.org/2001/XMLSchema-instance">
<Created by="" on="09/15/22||10:15:55" using="Simscape Multibody Link Version 5.2" from="SolidWorks 27.0.0"/>
<ModelUnits mass="kilogram" length="millimeter"/>
<DataUnits mass="kilogram" length="meter"/>
<RootAssembly name="BTL" uid="BTL" version="167">
<AssemblyFile name="BTL.SLDASM" type="SolidWorks Assembly"/>
<InstanceTree>
<Instance name="OA-2" uid="OA-2" entityUid="OA*:*Default">
<Transform>
<Rotation>-0.36381778034878254 3.0558960107031817e-16 -0.93147014053166799 5.2366331034966901e-16 1 1.3761461133018447e-16 0.93147014053166788 -3.6093492757625103e-16 -0.36381778034878243</Rotation>
<Translation>-1.9498740164738485e-15 0.010000000000000005 7.0964648120480551e-16</Translation>
</Transform>
</Instance>
<Instance name="BCD-2" uid="BCD-2" entityUid="BCD*:*Default">
<Transform>
<Rotation>-0.36381778034878265 6.0082537747863349e-16 -0.93147014053166799 5.6593347713585212e-16 1 4.3806132022141711e-16 0.93147014053166788 -2.9100047103096883e-16 -0.36381778034878259</Rotation>
<Translation>0 0.19709991213215428 3.689098058364795e-15</Translation>
</Transform>
</Instance>
<Instance name="base-2" uid="base-2" grounded="true" entityUid="base*:*Default">
<Transform>
<Rotation>1 0 0 0 1 0 0 0 1</Rotation>
<Translation>0 0 0</Translation>
</Transform>
</Instance>
<Instance name="DE-2" uid="DE-2" entityUid="DE*:*Default">
<Transform>
<Rotation>-0.3638177803487822 0.25519488052248218 -0.89583045028465136 5.6444645749993145e-16 0.96173823647564916 0.27397000657135495 0.93147014053166799 0.099675159672931113 -0.34989747047112307</Rotation>
<Translation>-0.089224265455566276 0.59805385391179333 0.21743974065889748</Translation>
</Transform>
</Instance>
</InstanceTree>
<Constraints>
<Coincident name="Coincident1">
<ConstraintGeometry geomType="plane">
<InstancePath>
<Uid>base-2</Uid>
</InstancePath>
<Position>0 0.01 0</Position>
<Axis>0 1 0</Axis>
</ConstraintGeometry>
<ConstraintGeometry geomType="plane">
<InstancePath>
<Uid>OA-2</Uid>
</InstancePath>
<Position>0 0 0</Position>
<Axis>0 -1 0</Axis>
</ConstraintGeometry>
</Coincident>
<Concentric name="Concentric1">
<ConstraintGeometry geomType="cylinder">
<InstancePath>
<Uid>base-2</Uid>
</InstancePath>
<Position>0 0.025000000000000001 0</Position>
<Axis>0 -1 0</Axis>
</ConstraintGeometry>
<ConstraintGeometry geomType="cylinder">
<InstancePath>
<Uid>OA-2</Uid>
</InstancePath>
<Position>0 0.02 0</Position>
<Axis>0 -1 0</Axis>
</ConstraintGeometry>
</Concentric>
<Coincident name="Coincident6">
<ConstraintGeometry geomType="plane">
<InstancePath>
<Uid>BCD-2</Uid>
</InstancePath>
<Position>-0.030000000000000002 -0.030000000000000027 0.030000000000000002</Position>
<Axis>0 0 -1</Axis>
</ConstraintGeometry>
<ConstraintGeometry geomType="plane">
<InstancePath>
<Uid>OA-2</Uid>
</InstancePath>
<Position>-0.029999999999999961 0.62 0.029999999999999995</Position>
<Axis>1.6653345369377348e-16 0 1.0000000000000002</Axis>
</ConstraintGeometry>
</Coincident>
<Coincident name="Coincident7">
<ConstraintGeometry geomType="plane">
<InstancePath>
<Uid>BCD-2</Uid>
</InstancePath>
<Position>-0.030000000000000016 -0.030000000000000027 -0.030000000000000009</Position>
<Axis>1 0 0</Axis>
</ConstraintGeometry>
<ConstraintGeometry geomType="plane">
<InstancePath>
<Uid>OA-2</Uid>
</InstancePath>
<Position>-0.029999999999999961 0.62 -0.030000000000000016</Position>
<Axis>-1 0 -1.6653345369377348e-16</Axis>
</ConstraintGeometry>
</Coincident>
<Concentric name="Concentric4">
<ConstraintGeometry geomType="cylinder">
<InstancePath>
<Uid>BCD-2</Uid>
</InstancePath>
<Position>0.18171572875253819 0.41500000000000015 0</Position>
<Axis>1.0000000000000002 0 -2.2204460492503131e-16</Axis>
</ConstraintGeometry>
<ConstraintGeometry geomType="cylinder">
<InstancePath>
<Uid>DE-2</Uid>
</InstancePath>
<Position>0.01999999999999999 0.0146048661555086 0</Position>
<Axis>-1 0 0</Axis>
</ConstraintGeometry>
</Concentric>
<Coincident name="Coincident11">
<ConstraintGeometry geomType="plane">
<InstancePath>
<Uid>BCD-2</Uid>
</InstancePath>
<Position>0.25000000000000006 0.35999999999999999 0.024999999999999988</Position>
<Axis>-1.0000000000000002 0 0</Axis>
</ConstraintGeometry>
<ConstraintGeometry geomType="plane">
<InstancePath>
<Uid>DE-2</Uid>
</InstancePath>
<Position>0.014999999999999986 0 0</Position>
<Axis>1 0 -2.2204460492503131e-16</Axis>
</ConstraintGeometry>
</Coincident>
</Constraints>
</RootAssembly>
<Assemblies>
</Assemblies>
<Parts>
<Part name="BCD" uid="BCD*:*Default" version="184">
<ModelUnits mass="kilogram" length="millimeter"/>
<PartFile name="BCD.SLDPRT" type="SolidWorks Part"/>
<MassProperties>
<Mass>1.6449247779607694</Mass>
<CenterOfMass>0.1825781499827 0.11984136630132322 0</CenterOfMass>
<Inertia>0.030319679480310436 0.011743364684137636 0.041171114592216701 0 0 -0.010333921016163091</Inertia>
</MassProperties>
<GeometryFile name="BCD_Default_sldprt.STEP" type="STEP"/>
<VisualProperties>
<Ambient r="0.792156862745098" g="0.81960784313725488" b="0.93333333333333335" a="1"/>
<Diffuse r="0.792156862745098" g="0.81960784313725488" b="0.93333333333333335" a="1"/>
<Specular r="0.396078431372549" g="0.40980392156862744" b="0.46666666666666667" a="1"/>
<Emissive r="0" g="0" b="0" a="1"/>
<Shininess>0.40000000596046448</Shininess>
</VisualProperties>
</Part>
<Part name="DE" uid="DE*:*Default" version="147">
<ModelUnits mass="kilogram" length="millimeter"/>
<PartFile name="DE.SLDPRT" type="SolidWorks Part"/>
<MassProperties>
<Mass>0.55057522203923048</Mass>
<CenterOfMass>0 0.19634438320516151 0</CenterOfMass>
<Inertia>0.0057935620684108381 0.00014279085553725644 0.0057874908295127998 0 0 0</Inertia>
</MassProperties>
<GeometryFile name="DE_Default_sldprt.STEP" type="STEP"/>
<VisualProperties>
<Ambient r="0.792156862745098" g="0.81960784313725488" b="0.93333333333333335" a="1"/>
<Diffuse r="0.792156862745098" g="0.81960784313725488" b="0.93333333333333335" a="1"/>
<Specular r="0.396078431372549" g="0.40980392156862744" b="0.46666666666666667" a="1"/>
<Emissive r="0" g="0" b="0" a="1"/>
<Shininess>0.40000000596046448</Shininess>
</VisualProperties>
</Part>
<Part name="OA" uid="OA*:*Default" version="125">
<ModelUnits mass="kilogram" length="millimeter"/>
<PartFile name="OA.SLDPRT" type="SolidWorks Part"/>
<MassProperties>
<Mass>2.2257168146928201</Mass>
<CenterOfMass>0 0.31084689821261652 0</CenterOfMass>
<Inertia>0.071600550437689078 0.0013388858407346409 0.071600550437689078 0 0 0</Inertia>
</MassProperties>
<GeometryFile name="OA_Default_sldprt.STEP" type="STEP"/>
<VisualProperties>
<Ambient r="0.792156862745098" g="0.81960784313725488" b="0.93333333333333335" a="1"/>
<Diffuse r="0.792156862745098" g="0.81960784313725488" b="0.93333333333333335" a="1"/>
<Specular r="0.396078431372549" g="0.40980392156862744" b="0.46666666666666667" a="1"/>
<Emissive r="0" g="0" b="0" a="1"/>
<Shininess>0.40000000596046448</Shininess>
</VisualProperties>
</Part>
<Part name="base" uid="base*:*Default" version="136">
<ModelUnits mass="kilogram" length="millimeter"/>
<PartFile name="base.SLDPRT" type="SolidWorks Part"/>
<MassProperties>
<Mass>0.10471238898038469</Mass>
<CenterOfMass>0 0.0055625395698482537 0</CenterOfMass>
<Inertia>8.5076008146868796e-05 0.00016690228611568588 8.507600814686881e-05 0 0 0</Inertia>
</MassProperties>
<GeometryFile name="base_Default_sldprt.STEP" type="STEP"/>
<VisualProperties>
<Ambient r="0.792156862745098" g="0.81960784313725488" b="0.93333333333333335" a="1"/>
<Diffuse r="0.792156862745098" g="0.81960784313725488" b="0.93333333333333335" a="1"/>
<Specular r="0.396078431372549" g="0.40980392156862744" b="0.46666666666666667" a="1"/>
<Emissive r="0" g="0" b="0" a="1"/>
<Shininess>0.40000000596046448</Shininess>
</VisualProperties>
</Part>
</Parts>
</SimscapeMultibodyImportXML>
